return {
  version = "1.4",
  luaversion = "5.1",
  tiledversion = "1.4.3",
  orientation = "orthogonal",
  renderorder = "right-down",
  width = 50,
  height = 29,
  tilewidth = 16,
  tileheight = 16,
  nextlayerid = 2,
  nextobjectid = 1,
  properties = {},
  tilesets = {
    {
      name = "1",
      firstgid = 1,
      filename = "1.tsx",
      tilewidth = 16,
      tileheight = 16,
      spacing = 0,
      margin = 0,
      columns = 1,
      image = "1.png",
      imagewidth = 16,
      imageheight = 16,
      objectalignment = "unspecified",
      tileoffset = {
        x = 0,
        y = 0
      },
      grid = {
        orientation = "orthogonal",
        width = 16,
        height = 16
      },
      properties = {},
      terrains = {},
      tilecount = 1,
      tiles = {}
    },
    {
      name = "0",
      firstgid = 2,
      filename = "0.tsx",
      tilewidth = 16,
      tileheight = 16,
      spacing = 0,
      margin = 0,
      columns = 1,
      image = "0.png",
      imagewidth = 16,
      imageheight = 16,
      objectalignment = "unspecified",
      tileoffset = {
        x = 0,
        y = 0
      },
      grid = {
        orientation = "orthogonal",
        width = 16,
        height = 16
      },
      properties = {},
      terrains = {},
      tilecount = 1,
      tiles = {}
    },
    {
      name = "2",
      firstgid = 3,
      filename = "2.tsx",
      tilewidth = 16,
      tileheight = 16,
      spacing = 0,
      margin = 0,
      columns = 1,
      image = "2.png",
      imagewidth = 16,
      imageheight = 16,
      objectalignment = "unspecified",
      tileoffset = {
        x = 0,
        y = 0
      },
      grid = {
        orientation = "orthogonal",
        width = 16,
        height = 16
      },
      properties = {},
      terrains = {},
      tilecount = 1,
      tiles = {}
    },
    {
      name = "3",
      firstgid = 4,
      filename = "3.tsx",
      tilewidth = 16,
      tileheight = 16,
      spacing = 0,
      margin = 0,
      columns = 2,
      image = "3.png",
      imagewidth = 32,
      imageheight = 32,
      objectalignment = "unspecified",
      tileoffset = {
        x = 0,
        y = 0
      },
      grid = {
        orientation = "orthogonal",
        width = 16,
        height = 16
      },
      properties = {},
      terrains = {},
      tilecount = 4,
      tiles = {}
    }
  },
  layers = {
    {
      type = "tilelayer",
      x = 0,
      y = 0,
      width = 50,
      height = 29,
      id = 1,
      name = "Tile Layer 1",
      visible = true,
      opacity = 1,
      offsetx = 0,
      offsety = 0,
      properties = {},
      encoding = "lua",
      data = {
        3, 3, 3, 3, 3, 3, 3, 3, 3, 3, 3, 3, 3, 3, 3, 3, 3, 3, 3, 3, 3, 3, 3, 3, 3, 3, 3, 3, 3, 3, 3, 3, 3, 3, 3, 3, 3, 3, 3, 3, 3, 3, 3, 3, 3, 3, 3, 3, 3, 3,
        3, 1, 1, 1, 1, 1, 1, 1, 1, 1, 1, 1, 3, 1, 1, 3, 2, 2, 2, 2, 2, 2, 2, 2, 2, 2, 2, 2, 3, 2, 2, 2, 1, 1, 1, 1, 1, 3, 1, 1, 3, 1, 2, 2, 1, 1, 1, 1, 1, 3,
        3, 1, 1, 1, 1, 1, 1, 1, 1, 1, 1, 1, 3, 2, 2, 3, 1, 1, 1, 1, 1, 1, 1, 1, 1, 1, 1, 1, 1, 1, 1, 1, 1, 1, 1, 1, 1, 3, 2, 2, 3, 2, 2, 2, 2, 2, 2, 1, 1, 3,
        3, 1, 1, 1, 1, 1, 1, 1, 1, 1, 1, 1, 3, 1, 2, 3, 1, 1, 3, 3, 3, 3, 3, 3, 3, 3, 1, 1, 1, 1, 1, 3, 3, 3, 3, 1, 1, 3, 2, 2, 2, 2, 2, 3, 1, 1, 3, 1, 1, 3,
        3, 4, 5, 1, 1, 1, 1, 1, 1, 1, 1, 1, 3, 1, 2, 3, 1, 1, 1, 1, 3, 1, 1, 1, 1, 3, 3, 3, 3, 3, 3, 3, 1, 1, 3, 1, 2, 3, 2, 1, 1, 1, 1, 3, 1, 1, 3, 1, 1, 3,
        3, 6, 7, 3, 3, 3, 3, 3, 3, 3, 3, 3, 3, 1, 2, 3, 1, 1, 1, 1, 3, 1, 1, 1, 2, 2, 2, 2, 2, 2, 2, 2, 2, 2, 2, 2, 1, 3, 1, 1, 3, 3, 3, 3, 1, 1, 3, 1, 1, 3,
        3, 1, 1, 3, 1, 2, 2, 1, 2, 1, 2, 1, 1, 2, 2, 3, 3, 3, 1, 1, 3, 2, 1, 3, 1, 1, 2, 2, 2, 2, 2, 1, 1, 1, 1, 2, 1, 3, 1, 1, 3, 1, 2, 1, 1, 2, 3, 1, 1, 3,
        3, 1, 1, 3, 1, 2, 1, 1, 2, 1, 2, 2, 2, 2, 1, 1, 1, 3, 1, 2, 3, 2, 1, 3, 3, 3, 3, 3, 3, 3, 3, 3, 3, 3, 3, 3, 3, 3, 3, 3, 3, 2, 1, 1, 2, 1, 3, 1, 1, 3,
        3, 1, 1, 3, 1, 2, 3, 1, 2, 3, 3, 3, 1, 2, 1, 1, 1, 3, 2, 2, 3, 1, 1, 1, 1, 1, 1, 3, 2, 1, 1, 1, 1, 2, 1, 1, 1, 1, 1, 2, 2, 1, 1, 3, 3, 3, 3, 1, 1, 3,
        3, 1, 1, 3, 1, 2, 3, 2, 1, 1, 1, 3, 2, 1, 3, 3, 3, 3, 1, 1, 3, 1, 1, 1, 1, 1, 1, 3, 2, 2, 1, 1, 1, 2, 1, 2, 1, 1, 1, 1, 1, 1, 1, 3, 1, 2, 1, 1, 1, 3,
        3, 1, 1, 3, 1, 2, 3, 2, 1, 1, 1, 3, 2, 1, 3, 1, 2, 1, 1, 1, 3, 1, 1, 1, 3, 3, 3, 3, 3, 3, 2, 2, 3, 3, 3, 3, 3, 3, 3, 3, 3, 3, 3, 3, 2, 2, 1, 1, 1, 3,
        3, 1, 1, 3, 1, 2, 3, 3, 3, 1, 1, 3, 1, 2, 3, 1, 1, 1, 1, 1, 3, 1, 1, 1, 3, 1, 2, 2, 2, 3, 1, 2, 3, 1, 1, 1, 1, 1, 2, 1, 2, 2, 2, 2, 1, 1, 3, 3, 3, 3,
        3, 1, 1, 3, 1, 1, 2, 2, 3, 1, 1, 3, 2, 1, 3, 1, 1, 3, 3, 3, 3, 1, 1, 1, 3, 1, 2, 2, 2, 3, 2, 2, 3, 1, 1, 1, 1, 1, 2, 1, 2, 1, 2, 1, 1, 1, 3, 1, 1, 3,
        3, 1, 1, 3, 1, 1, 1, 2, 3, 1, 1, 3, 3, 3, 3, 1, 1, 3, 1, 1, 3, 1, 1, 1, 3, 1, 1, 1, 1, 1, 2, 2, 3, 2, 1, 3, 3, 3, 3, 3, 3, 3, 3, 3, 3, 3, 3, 1, 1, 3,
        3, 1, 1, 1, 1, 1, 2, 2, 3, 1, 1, 1, 2, 2, 1, 1, 1, 3, 1, 1, 3, 1, 1, 2, 3, 1, 2, 1, 1, 1, 2, 2, 3, 2, 1, 3, 2, 2, 1, 1, 1, 1, 1, 1, 1, 1, 1, 1, 1, 3,
        3, 1, 1, 1, 1, 1, 2, 2, 3, 1, 1, 1, 2, 2, 2, 1, 1, 3, 1, 2, 3, 1, 1, 1, 3, 2, 1, 3, 1, 1, 1, 2, 3, 1, 2, 3, 2, 2, 1, 2, 2, 2, 2, 2, 1, 1, 1, 1, 1, 3,
        3, 1, 1, 3, 3, 3, 3, 3, 3, 1, 1, 3, 3, 3, 3, 3, 3, 3, 1, 2, 3, 1, 1, 1, 3, 2, 1, 3, 3, 3, 3, 3, 3, 1, 1, 3, 2, 1, 3, 3, 3, 2, 2, 3, 3, 3, 3, 1, 1, 3,
        3, 1, 1, 1, 1, 3, 1, 1, 1, 1, 1, 1, 1, 2, 1, 1, 1, 1, 2, 2, 3, 1, 1, 2, 1, 1, 1, 3, 1, 1, 2, 2, 3, 1, 1, 3, 2, 1, 2, 2, 3, 1, 1, 1, 1, 1, 3, 1, 1, 3,
        3, 1, 1, 1, 1, 3, 1, 1, 1, 1, 1, 1, 1, 2, 2, 1, 1, 2, 2, 2, 3, 1, 1, 2, 1, 1, 1, 3, 1, 1, 2, 1, 3, 1, 1, 3, 1, 1, 2, 1, 3, 1, 1, 1, 1, 1, 3, 1, 2, 3,
        3, 1, 1, 1, 3, 3, 1, 1, 3, 3, 3, 3, 3, 3, 3, 3, 1, 2, 3, 3, 3, 3, 3, 3, 3, 3, 3, 3, 1, 1, 3, 3, 3, 1, 1, 3, 3, 3, 2, 1, 3, 3, 3, 3, 2, 1, 3, 2, 1, 3,
        3, 1, 1, 1, 3, 1, 1, 1, 3, 1, 1, 1, 1, 1, 1, 3, 1, 1, 3, 1, 1, 2, 2, 1, 1, 1, 2, 1, 1, 1, 3, 1, 1, 1, 1, 3, 1, 2, 2, 1, 3, 2, 2, 2, 2, 1, 3, 2, 1, 3,
        3, 1, 1, 1, 3, 1, 1, 3, 3, 1, 1, 1, 1, 1, 1, 3, 1, 1, 3, 1, 1, 2, 1, 1, 2, 2, 1, 2, 2, 1, 3, 1, 1, 1, 1, 3, 2, 2, 2, 1, 3, 2, 2, 1, 1, 1, 3, 1, 1, 3,
        3, 1, 1, 3, 3, 1, 1, 3, 1, 1, 1, 1, 1, 1, 1, 3, 1, 1, 3, 1, 1, 3, 3, 3, 3, 2, 2, 3, 2, 2, 3, 1, 1, 3, 3, 3, 3, 3, 3, 3, 3, 2, 2, 3, 3, 3, 3, 1, 1, 3,
        3, 1, 1, 1, 1, 1, 1, 3, 2, 1, 1, 1, 3, 1, 1, 3, 1, 1, 3, 1, 2, 3, 2, 2, 3, 2, 1, 3, 1, 1, 3, 1, 1, 1, 1, 2, 2, 1, 3, 2, 2, 2, 2, 3, 1, 1, 2, 2, 2, 3,
        3, 1, 2, 1, 1, 1, 1, 3, 2, 1, 1, 1, 3, 2, 1, 3, 1, 2, 3, 2, 1, 3, 2, 2, 3, 2, 2, 3, 1, 1, 3, 1, 1, 1, 2, 1, 1, 1, 3, 2, 1, 2, 2, 3, 2, 2, 2, 2, 1, 3,
        3, 2, 1, 3, 3, 3, 3, 3, 2, 2, 2, 1, 3, 3, 3, 3, 1, 1, 3, 2, 2, 3, 2, 1, 3, 2, 2, 3, 3, 3, 3, 3, 3, 3, 3, 3, 2, 2, 3, 2, 1, 3, 3, 3, 2, 2, 3, 3, 3, 3,
        3, 2, 1, 1, 1, 1, 1, 2, 2, 1, 1, 1, 1, 1, 1, 2, 2, 2, 2, 2, 2, 1, 1, 1, 3, 1, 1, 1, 1, 1, 1, 1, 1, 2, 2, 2, 2, 1, 1, 1, 1, 3, 2, 2, 2, 2, 2, 2, 2, 3,
        3, 1, 1, 1, 1, 1, 1, 2, 2, 2, 2, 2, 2, 2, 2, 2, 1, 1, 1, 1, 1, 1, 1, 1, 3, 1, 1, 1, 1, 1, 1, 1, 2, 2, 1, 2, 2, 1, 1, 1, 1, 3, 1, 1, 1, 2, 2, 2, 2, 3,
        3, 3, 3, 3, 3, 3, 3, 3, 3, 3, 3, 3, 3, 3, 3, 3, 3, 3, 3, 3, 3, 3, 3, 3, 3, 3, 3, 3, 3, 3, 3, 3, 3, 3, 3, 3, 3, 3, 3, 3, 3, 3, 3, 3, 3, 3, 3, 3, 3, 3
      }
    }
  }
}
